image: andre.pgm
resolution: 0.050000
origin: [-9.69520000, -9.6952000, 0.000000]
negate: 0
occupied_thresh: 0.65
free_thresh: 0.196

