image: /home/eced3901/my_catkin_ws/src/eced3901_2021_team41/maps/T21_map.pgm
resolution: 0.050000
origin: [-10.000000, -10.000000, 0.000000]
negate: 0
occupied_thresh: 0.65
free_thresh: 0.196

