image: /home/eced3901/my_catkin_ws/src/eced3901_2021_team41/maps/T23_map.pgm
resolution: 0.050000
origin: [-9.69520, -9.69520, 0.000000]
negate: 0
occupied_thresh: 0.65
free_thresh: 0.196

